6) Mostre passo a passo como o seguinte vetor de inteiros é ordenado pelo método Heapsort.
Você deve mostrar apenas a sequência de alterações que são feitas no vetor a cada passo
do algoritmo.
22 4 35 12 3 18 12 55


constroiHeap()
1 - 22,4,35,12,3,18,12,55 
2 - 22,4,35,55,3,18,12,12
3 - 22,4,35,55,3,18,12,12
4 - 22,55,35,4,3,18,12,12
5 - 22,55,35,12,3,18,12,4
6 - 55,22,35,12,3,18,12,4

heapsort()  - o * separa os vetores desconsiderados (já ordenados)

1 - 55,22,35,12,3,18,12,4
2 - 4,22,35,12,3,18,12,*55
3 - 35,22,4,12,3,18,12,*55
4 - 35,22,18,12,3,4,12,*55
5 - 12,22,18,12,3,4,*35,55
6 - 22,12,18,12,3,4,*35,55
7 - 4,12,18,12,3,*22,35,55
8 - 18,12,4,12,3,*22,35,55
9 - 3,12,4,12,*18,22,35,55
10 - 12,3,4,12,*18,22,35,55
11 - 12,12,4,3,*18,22,35,55
12 - 3,12,4,*12,18,22,35,55
13 - 12,3,4,*12,18,22,35,55
14 - 4,3,*12,12,18,22,35,55
15 - 3,*4,12,12,18,22,35,55
15 - *3,4,12,12,18,22,35,55



